../../../.git/annex/objects/k2/PG/MD5E-s74--7309e162d086194a4ca912944041357a.csv/MD5E-s74--7309e162d086194a4ca912944041357a.csv